10
Centropyxis_sp_CaerLAHR_Contig1        0.0000000 0.2729630 0.3560811 0.3690121 0.5028711 0.3473427 0.3942699 0.3682399 0.3178448 0.4066089 
Arcegibb_c9785_g1_i1                   0.2729630 0.0000000 0.3203449 0.2954162 0.3832016 0.3042860 0.3528974 0.2925375 0.2144392 0.3065925 
Pyxidicula_operculata_Pyxioper_Contig1 0.3560811 0.3203449 0.0000000 0.3253972 0.4310333 0.4629226 0.4141028 0.3815491 0.3711280 0.3487209 
Crytodiffugia_sp_Contig1               0.3690121 0.2954162 0.3253972 0.0000000 0.6198648 0.6105934 0.4265157 0.3493945 0.3001579 0.3717102 
Difflugia_compressa_DiffUSP_Contig1    0.5028711 0.3832016 0.4310333 0.6198648 0.0000000 0.4129849 0.5461600 0.5474210 0.4151450 0.3489457 
Difflugia_sp_DiffD2_Contig2            0.3473427 0.3042860 0.4629226 0.6105934 0.4129849 0.0000000 0.4680994 0.2187186 0.3182722 0.3213465 
Heleopera_sylvatica_HsylLAHR_Contig1   0.3942699 0.3528974 0.4141028 0.4265157 0.5461600 0.4680994 0.0000000 0.4113317 0.3602567 0.5078485 
Nebela0_1036bp_Contig1                 0.3682399 0.2925375 0.3815491 0.3493945 0.5474210 0.2187186 0.4113317 0.0000000 0.2654749 0.3994496 
Cyclopyxis_impressa_Cyclsp1_Contig1    0.3178448 0.2144392 0.3711280 0.3001579 0.4151450 0.3182722 0.3602567 0.2654749 0.0000000 0.3187617 
Difflugia_bryophila_M4                 0.4066089 0.3065925 0.3487209 0.3717102 0.3489457 0.3213465 0.5078485 0.3994496 0.3187617 0.0000000 
